1	6.2203 	4.8055 	4	3	1	57	77	10
2	4.5306 	6.1586 	1	2	1	152	172	10
3	4.4571 	5.1294 	5	2	1	23	43	10
4	5.8466 	6.4859 	4	1	1	188	208	10
5	4.3148 	5.6005 	5	2	1	39	59	10
6	5.3481 	4.6555 	4	3	1	126	146	10
7	4.2365 	4.0553 	5	3	1	26	46	10
8	3.1194 	6.6869 	5	2	1	73	93	10
9	6.8136 	4.5454 	5	3	1	151	171	10
10	6.3732 	4.9901 	4	1	1	33	53	10
11	6.8539 	4.1391 	2	3	1	236	256	10
12	2.4395 	5.5459 	2	2	1	116	136	10
13	4.5942 	6.4950 	3	2	1	243	263	10
14	6.5820 	5.3529 	3	1	1	226	246	10
15	3.1031 	4.9877 	4	2	1	213	233	10
16	5.1428 	8.9539 	2	1	1	253	273	10
17	6.4315 	4.2280 	3	3	1	73	93	10
18	8.4798 	4.8359 	4	1	1	21	41	10
19	2.8543 	4.1703 	5	3	1	247	267	10
20	6.6406 	5.4685 	5	1	1	68	88	10
21	6.8497 	5.1403 	3	1	1	153	173	10
22	3.2058 	4.2174 	3	3	1	234	254	10
23	5.3208 	5.1239 	1	1	1	71	91	10
24	6.6048 	5.1622 	5	1	1	219	239	10
25	4.7279 	5.1707 	5	2	1	20	40	10
26	6.2037 	3.5700 	3	3	1	65	85	10
27	4.9139 	4.0273 	3	3	1	29	49	10
28	4.2146 	5.9706 	5	2	1	73	93	10
29	3.0177 	3.6727 	1	3	1	220	240	10
30	3.1893 	3.1704 	4	3	1	58	78	10
31	3.9610 	7.2820 	5	2	1	38	58	10
32	4.8266 	4.4238 	2	3	1	217	237	10
33	4.4447 	7.0669 	1	2	1	27	47	10
34	5.6920 	4.2597 	4	3	1	58	78	10
35	7.2631 	6.7091 	3	1	1	33	53	10
36	4.7196 	7.5118 	1	2	1	165	185	10
37	8.1876 	4.4339 	5	1	1	207	227	10
38	3.6746 	5.7732 	2	2	1	122	142	10
39	8.2159 	6.6165 	4	1	1	223	243	10
40	4.0196 	6.8796 	3	2	1	236	256	10
41	6.8164 	5.1713 	3	1	1	114	134	10
42	5.1604 	4.2444 	2	3	1	139	159	10
43	3.3720 	4.8540 	1	2	1	142	162	10
44	4.8199 	3.5091 	3	3	1	59	79	10
45	4.4165 	6.1218 	1	2	1	37	57	10
46	4.7466 	4.7462 	4	3	1	233	253	10
47	3.3644 	5.3761 	5	2	1	52	72	10
48	3.4465 	7.0482 	1	2	1	178	198	10
49	4.9334 	3.3219 	3	3	1	30	50	10
50	3.3573 	5.2207 	4	2	1	220	240	10
51	6.5727 	4.0854 	3	3	1	136	156	10
52	4.7674 	5.8359 	1	2	1	259	279	10
53	6.2938 	5.4664 	1	1	1	96	116	10
54	4.5998 	7.3055 	3	1	1	222	242	10
55	4.3583 	3.0739 	2	3	1	256	276	10
56	6.0667 	5.9920 	3	1	1	66	86	10
57	3.6235 	7.4237 	2	1	1	104	124	10
58	2.0163 	2.8579 	1	2	1	206	226	10
59	1.1891 	5.8595 	1	2	1	107	127	10
60	1.8865 	4.2597 	2	2	1	140	160	10
61	6.5363 	5.1925 	3	4	1	107	127	10
62	4.4760 	3.8334 	2	5	1	42	62	10
63	4.7638 	6.8248 	1	4	1	168	188	10
64	3.4961 	4.8831 	4	5	1	21	41	10
65	4.1331 	3.5351 	4	5	1	66	86	10
66	5.7411 	6.6378 	5	4	1	213	233	10
67	5.4435 	6.5999 	1	4	1	57	77	10
68	3.1606 	6.5265 	2	5	1	191	211	10
69	4.0776 	4.5118 	5	5	1	46	66	10
70	2.9343 	6.9140 	4	5	1	194	214	10
71	5.7495 	6.4314 	2	4	1	212	232	10
72	7.7047 	4.9855 	2	4	1	88	108	10
73	6.5309 	6.4544 	2	4	1	81	101	10
74	6.9868 	2.9390 	2	4	1	223	243	10
75	4.7439 	5.7086 	2	4	1	87	107	10
76	8.1634 	5.6601 	4	4	1	220	240	10
77	5.6620 	7.8394 	4	4	1	68	88	10
78	4.2618 	1.2911 	1	5	1	184	204	10
79	6.9692 	2.2386 	2	4	1	201	221	10
80	2.1513 	5.8477 	5	5	1	34	54	10
81	4.0179 	4.2966 	1	5	1	228	248	10
82	4.6072 	4.6255 	2	5	1	212	232	10
83	4.5448 	5.4392 	5	4	1	143	163	10
84	3.6676 	3.7524 	3	5	1	23	43	10
85	3.3785 	4.2927 	4	5	1	66	86	10
86	6.0784 	3.9365 	1	4	1	161	181	10
87	5.9615 	5.7713 	4	4	1	95	115	10
88	6.9445 	6.9679 	2	4	1	183	203	10
89	3.7602 	3.8562 	5	5	1	62	82	10
90	5.1382 	3.9518 	5	5	1	147	167	10
91	6.9911 	6.8618 	1	4	1	209	229	10
92	5.3420 	3.5778 	5	5	1	161	181	10
93	6.0834 	3.4019 	3	4	1	193	213	10
94	4.7386 	4.3074 	2	5	1	68	88	10
95	5.2316 	7.9502 	4	4	1	98	118	10
96	2.8783 	5.2285 	3	5	1	235	255	10
97	5.8158 	7.8573 	1	4	1	144	164	10
98	5.3270 	2.6618 	5	5	1	170	190	10
99	2.7543 	3.6065 	2	5	1	181	201	10
100	1.7676 	6.9803 	4	5	1	188	208	10
101	6.3058 	5.2939 	2	7	1	255	275	10
102	6.1703 	4.3162 	5	7	1	137	157	10
103	3.8938 	4.2495 	1	6	1	202	222	10
104	5.3381 	6.3197 	2	6	1	174	194	10
105	4.1618 	4.6102 	2	6	1	111	131	10
106	6.4482 	5.4590 	5	7	1	137	157	10
107	6.3088 	5.7034 	3	7	1	98	118	10
108	3.4937 	4.8547 	1	6	1	186	206	10
109	4.3945 	5.5966 	1	6	1	163	183	10
110	6.8031 	2.6304 	3	7	1	115	135	10
111	6.9287 	7.0465 	5	7	1	206	226	10
112	4.1270 	4.5804 	3	6	1	202	222	10
113	5.4334 	6.2049 	1	6	1	50	70	10
114	6.4548 	6.5473 	1	7	1	148	168	10
115	4.3348 	4.5758 	1	6	1	202	222	10
116	8.6508 	5.5838 	2	7	1	35	55	10
117	7.7978 	3.2108 	5	7	1	108	128	10
118	5.9786 	5.7069 	5	7	1	44	64	10
119	5.0040 	5.1727 	3	6	1	166	186	10
120	8.0751 	4.5119 	1	7	1	215	235	10
121	6.3058 	5.2939 	5	7	1	229	249	10
122	6.1703 	4.3162 	1	7	1	216	236	10
123	3.8938 	4.2495 	5	6	1	179	199	10
124	5.3381 	6.3197 	5	6	1	199	219	10
125	4.1618 	4.6102 	3	6	1	76	96	10
126	6.4482 	5.4590 	1	7	1	55	75	10
127	6.3088 	5.7034 	5	7	1	66	86	10
128	3.4937 	4.8547 	5	6	1	156	176	10
129	4.3945 	5.5966 	2	6	1	169	189	10
130	6.8031 	2.6304 	1	7	1	256	276	10
131	6.9287 	7.0465 	3	7	1	64	84	10
132	4.1270 	4.5804 	4	6	1	209	229	10
133	5.4334 	6.2049 	1	6	1	94	114	10
134	6.4548 	6.5473 	2	7	1	26	46	10
135	4.3348 	4.5758 	3	6	1	21	41	10
136	8.6508 	5.5838 	2	7	1	56	76	10
137	7.7978 	3.2108 	3	7	1	234	254	10
138	5.9786 	5.7069 	5	6	1	223	243	10
139	5.0040 	5.1727 	4	6	1	40	60	10
140	8.0751 	4.5119 	4	6	1	134	154	10
141	6.8218 	8.4661 	0	1	1	0	1000	10
142	2.8303 	8.3121 	0	2	1	0	1000	10
143	5.3011 	1.2543 	0	3	1	0	1000	10
144	7.9414 	6.1044 	0	4	1	0	1000	10
145	2.3447 	2.0973 	0	5	1	0	1000	10
146	2.0005 	5.4672 	0	6	1	0	1000	10
147	7.8667 	3.1864 	0	7	1	0	1000	10