1	4.3523 	6.4379 	3	3	1	207	227	10
2	4.3619 	3.5525 	4	2	1	154	174	10
3	5.0312 	6.4266 	2	3	1	127	147	10
4	4.5373 	5.7828 	4	3	1	82	102	10
5	5.5116 	4.8016 	4	2	1	83	103	10
6	4.8945 	6.7988 	1	3	1	75	95	10
7	3.3340 	4.1193 	1	1	1	198	218	10
8	4.6820 	5.5254 	3	3	1	251	271	10
9	7.2658 	4.8146 	1	2	1	103	123	10
10	4.6245 	6.4771 	4	3	1	99	119	10
11	4.8075 	7.1650 	1	3	1	68	88	10
12	4.7991 	4.9886 	5	2	1	208	228	10
13	4.9246 	3.3768 	2	2	1	104	124	10
14	7.3303 	3.3990 	5	2	1	75	95	10
15	7.1696 	6.2704 	5	1	1	141	161	10
16	2.1175 	4.1512 	1	1	1	258	278	10
17	8.1713 	4.8578 	4	1	1	65	85	10
18	2.8488 	5.2195 	2	1	1	238	258	10
19	6.7999 	5.8593 	4	1	1	241	261	10
20	5.7069 	4.4675 	3	2	1	183	203	10
21	4.5194 	6.9186 	1	3	1	85	105	10
22	4.5960 	4.7607 	5	2	1	40	60	10
23	3.6272 	4.3041 	2	1	1	189	209	10
24	4.2562 	6.5780 	5	3	1	174	194	10
25	3.9881 	4.2427 	4	1	1	122	142	10
26	4.6355 	5.8320 	1	3	1	22	42	10
27	3.3326 	4.8470 	5	1	1	181	201	10
28	6.2003 	3.2871 	2	2	1	172	192	10
29	6.0794 	5.3438 	2	2	1	190	210	10
30	7.1041 	5.3514 	5	2	1	181	201	10
31	7.4106 	4.5171 	3	2	1	55	75	10
32	4.1488 	4.9339 	1	1	1	53	73	10
33	3.5358 	7.5750 	1	3	1	83	103	10
34	4.8005 	3.5240 	3	2	1	183	203	10
35	4.5873 	6.2152 	3	3	1	194	214	10
36	4.2186 	2.4547 	2	2	1	72	92	10
37	7.8500 	5.6736 	5	1	1	239	259	10
38	3.9886 	2.7736 	3	2	1	45	65	10
39	2.7520 	5.1779 	3	1	1	227	247	10
40	4.4674 	6.9304 	1	3	1	95	115	10
41	3.9767 	4.7158 	3	1	1	244	264	10
42	6.2597 	3.5620 	2	2	1	99	119	10
43	4.4102 	5.3737 	1	3	1	230	250	10
44	5.3407 	5.6707 	5	3	1	76	96	10
45	5.5921 	4.7335 	3	2	1	198	218	10
46	3.5590 	6.0077 	2	3	1	142	162	10
47	3.9671 	5.6018 	2	3	1	221	241	10
48	7.0124 	7.0143 	3	1	1	217	237	10
49	2.2991 	5.2753 	5	1	1	143	163	10
50	7.6590 	3.9288 	4	2	1	144	164	10
51	6.8388 	5.6084 	3	1	1	95	115	10
52	6.7377 	6.7951 	4	1	1	192	212	10
53	2.2974 	3.6992 	2	1	1	32	52	10
54	5.9207 	4.9379 	4	2	1	93	113	10
55	5.4070 	3.7938 	2	2	1	243	263	10
56	3.0489 	8.0925 	2	3	1	83	103	10
57	4.5744 	7.5279 	5	3	1	238	258	10
58	8.1995 	5.1928 	4	1	1	198	218	10
59	1.9616 	2.4224 	2	1	1	135	155	10
60	6.6489 	7.6509 	2	3	1	244	264	10
61	6.8284 	4.3715 	3	5	1	216	236	10
62	5.5530 	4.3720 	1	5	1	154	174	10
63	3.8659 	6.1448 	5	4	1	187	207	10
64	5.8924 	4.1154 	5	5	1	211	231	10
65	5.3297 	4.6840 	2	5	1	221	241	10
66	4.9646 	4.1131 	1	5	1	230	250	10
67	4.3590 	4.1494 	1	5	1	246	266	10
68	3.0254 	4.3956 	2	5	1	134	154	10
69	6.1859 	3.2221 	5	5	1	82	102	10
70	5.9980 	4.6584 	4	5	1	129	149	10
71	4.5998 	3.0514 	2	5	1	85	105	10
72	3.1592 	5.6985 	5	4	1	34	54	10
73	3.6141 	5.3581 	4	4	1	94	114	10
74	7.6687 	6.2868 	3	4	1	178	198	10
75	6.0753 	7.7563 	3	4	1	107	127	10
76	7.2027 	5.8618 	4	4	1	126	146	10
77	7.1777 	4.8028 	2	5	1	256	276	10
78	6.4472 	4.3355 	3	5	1	47	67	10
79	4.0412 	2.7062 	1	5	1	103	123	10
80	4.0635 	1.2373 	3	5	1	224	244	10
81	5.4118 	4.0612 	4	5	1	211	231	10
82	4.8310 	5.8888 	5	4	1	186	206	10
83	4.3560 	4.6049 	4	5	1	217	237	10
84	5.1079 	6.5769 	4	4	1	225	245	10
85	4.1151 	4.5175 	5	5	1	95	115	10
86	6.4587 	4.6798 	2	5	1	139	159	10
87	3.9595 	5.3906 	1	4	1	126	146	10
88	4.8764 	7.3913 	5	4	1	34	54	10
89	6.2535 	6.4593 	3	4	1	160	180	10
90	6.9686 	5.0446 	1	5	1	198	218	10
91	4.1970 	3.3598 	2	5	1	112	132	10
92	5.2090 	3.7369 	5	4	1	35	55	10
93	2.4100 	4.4589 	1	4	1	95	115	10
94	2.7403 	4.6581 	3	4	1	65	85	10
95	7.3936 	4.1218 	5	4	1	112	132	10
96	1.9614 	5.5529 	2	4	1	51	71	10
97	8.0003 	3.7886 	4	4	1	200	220	10
98	1.6127 	6.9242 	5	4	1	183	203	10
99	4.6522 	6.3460 	4	4	1	64	84	10
100	6.5940 	5.5709 	5	4	1	115	135	10
101	5.7195 	3.5466 	1	6	1	123	143	10
102	6.4336 	3.7993 	1	6	1	257	277	10
103	5.4294 	5.1722 	2	6	1	84	104	10
104	6.0859 	6.0592 	3	6	1	111	131	10
105	4.6843 	3.2273 	1	7	1	160	180	10
106	5.3430 	3.6966 	1	6	1	236	256	10
107	5.9144 	5.1372 	4	6	1	23	43	10
108	3.5184 	7.5023 	4	7	1	36	56	10
109	6.5492 	7.3222 	5	6	1	94	114	10
110	6.4224 	6.1803 	2	6	1	79	99	10
111	6.6620 	5.0114 	5	6	1	212	232	10
112	4.5530 	5.6674 	2	7	1	113	133	10
113	7.1346 	6.0248 	4	6	1	206	226	10
114	5.1416 	3.7929 	2	7	1	102	122	10
115	6.2238 	4.2897 	5	6	1	26	46	10
116	5.5415 	8.1029 	1	6	1	200	220	10
117	1.6998 	3.0858 	1	7	1	225	245	10
118	1.1824 	4.3927 	2	7	1	195	215	10
119	3.7285 	5.3308 	4	7	1	251	271	10
120	8.4094 	3.3880 	1	6	1	232	252	10
121	4.8893 	4.3335 	3	7	1	170	190	10
122	6.9034 	5.2218 	4	6	1	172	192	10
123	6.3852 	4.6323 	5	6	1	88	108	10
124	4.8481 	6.3052 	2	7	1	192	212	10
125	6.9648 	5.0958 	2	6	1	85	105	10
126	6.7017 	5.9561 	3	6	1	248	268	10
127	5.2697 	6.8751 	4	6	1	235	255	10
128	5.8781 	4.2774 	5	6	1	184	204	10
129	4.8594 	7.4713 	2	6	1	183	203	10
130	4.8294 	5.2580 	2	7	1	142	162	10
131	2.3581 	5.9482 	1	7	1	185	205	10
132	4.6266 	3.6814 	1	7	1	230	250	10
133	7.9115 	5.6526 	3	7	1	82	102	10
134	3.5225 	2.7957 	5	7	1	43	63	10
135	5.2700 	6.9668 	3	7	1	78	98	10
136	7.6961 	7.6668 	4	7	1	135	155	10
137	2.6297 	5.3553 	1	7	1	205	225	10
138	4.7937 	7.6802 	1	7	1	45	65	10
139	4.7551 	4.3102 	3	7	1	247	267	10
140	5.0220 	2.0035 	1	7	1	43	63	10
141	1.9074 	3.0060 	0	1	1	0	1000	10
142	5.2200 	1.8451 	0	2	1	0	1000	10
143	3.4986 	8.3229 	0	3	1	0	1000	10
144	6.9396 	7.9011 	0	4	1	0	1000	10
145	7.3241 	2.3852 	0	5	1	0	1000	10
146	8.5734 	6.2784 	0	6	1	0	1000	10
147	1.2772 	5.4884 	0	7	1	0	1000	10