1	6.4121 	5.4882 	3	3	1	153	173	10
2	4.4038 	5.0530 	3	2	1	65	85	10
3	4.6072 	3.3039 	2	1	1	150	170	10
4	3.4395 	2.7399 	2	1	1	258	278	10
5	3.1034 	3.4397 	4	1	1	107	127	10
6	4.5036 	2.2979 	3	1	1	222	242	10
7	4.9452 	4.9355 	3	1	1	196	216	10
8	4.0263 	7.4003 	1	2	1	256	276	10
9	3.9540 	1.8896 	2	1	1	119	139	10
10	7.2420 	4.1179 	5	3	1	167	187	10
11	2.9335 	4.2313 	1	2	1	32	52	10
12	5.6017 	1.4782 	1	1	1	84	104	10
13	2.8782 	3.8253 	1	2	1	129	149	10
14	6.1929 	6.8538 	3	2	1	38	58	10
15	6.1820 	4.6074 	3	3	1	66	86	10
16	5.3761 	3.3706 	5	1	1	260	280	10
17	6.9575 	2.5116 	2	3	1	102	122	10
18	6.4942 	2.4681 	5	3	1	182	202	10
19	3.9479 	6.0049 	1	2	1	247	267	10
20	4.8943 	4.4869 	1	1	1	200	220	10
21	4.7871 	4.2254 	2	1	1	236	256	10
22	5.0340 	5.0431 	1	2	1	82	102	10
23	6.2705 	6.1793 	3	2	1	170	190	10
24	5.8659 	4.2717 	1	3	1	31	51	10
25	6.8695 	5.1970 	1	3	1	246	266	10
26	4.1044 	7.6340 	4	2	1	45	65	10
27	7.2557 	5.3009 	5	3	1	189	209	10
28	5.7349 	5.5223 	4	3	1	258	278	10
29	2.6619 	3.4100 	3	3	1	105	125	10
30	4.7674 	2.8439 	5	1	1	158	178	10
31	7.7545 	2.5581 	5	3	1	53	73	10
32	2.8074 	2.3657 	4	2	1	75	95	10
33	2.8213 	4.4856 	1	3	1	88	108	10
34	3.4888 	8.3870 	4	2	1	89	109	10
35	4.4417 	2.4785 	1	1	1	184	204	10
36	4.5110 	1.8890 	2	1	1	210	230	10
37	3.0645 	4.2698 	4	3	1	214	234	10
38	5.7592 	3.0977 	5	1	1	168	188	10
39	5.8227 	6.6897 	1	2	1	157	177	10
40	2.7740 	1.9393 	5	2	1	241	261	10
41	5.4707 	6.4378 	5	2	1	25	45	10
42	6.2220 	5.3069 	5	3	1	207	227	10
43	3.7317 	3.9597 	5	1	1	229	249	10
44	4.9394 	3.0076 	1	1	1	221	241	10
45	5.0028 	4.8265 	1	1	1	96	116	10
46	2.3577 	6.0918 	4	2	1	258	278	10
47	5.1299 	2.5804 	2	1	1	84	104	10
48	6.9089 	6.9053 	5	2	1	42	62	10
49	6.7795 	2.1989 	3	3	1	190	210	10
50	6.2768 	5.1488 	1	3	1	178	198	10
51	8.7838 	6.1919 	3	3	1	54	74	10
52	7.4026 	4.6304 	4	3	1	145	165	10
53	4.4591 	7.6025 	3	2	1	140	160	10
54	2.3871 	4.1275 	5	2	1	242	262	10
55	7.6510 	7.4269 	1	2	1	165	185	10
56	1.4838 	4.1941 	3	3	1	88	108	10
57	5.2150 	4.3344 	1	1	1	196	216	10
58	6.2549 	6.0238 	3	2	1	57	77	10
59	3.3359 	4.4532 	4	3	1	128	148	10
60	3.9793 	2.5849 	2	1	1	244	264	10
61	4.1867 	4.2751 	4	4	1	73	93	10
62	4.6967 	5.0314 	3	4	1	97	117	10
63	3.3421 	4.0499 	3	4	1	81	101	10
64	7.5731 	6.3820 	4	5	1	120	140	10
65	4.9317 	5.4712 	1	5	1	113	133	10
66	3.4237 	4.7531 	5	4	1	251	271	10
67	7.7785 	5.2808 	4	5	1	43	63	10
68	5.1268 	3.3896 	5	4	1	236	256	10
69	4.9112 	5.9925 	4	5	1	97	117	10
70	6.4331 	4.1641 	5	5	1	258	278	10
71	1.7897 	3.0950 	5	4	1	260	280	10
72	3.6829 	6.4378 	2	5	1	34	54	10
73	2.0924 	6.7698 	2	4	1	250	270	10
74	1.8541 	6.2301 	5	4	1	239	259	10
75	4.9534 	7.2324 	3	5	1	99	119	10
76	6.7203 	8.2298 	4	5	1	211	231	10
77	8.1274 	3.6733 	5	5	1	113	133	10
78	6.5900 	2.5825 	4	5	1	114	134	10
79	5.0002 	4.8394 	5	4	1	239	259	10
80	8.2378 	5.8789 	1	5	1	55	75	10
81	4.9588 	4.3580 	4	4	1	122	142	10
82	4.0765 	4.6913 	5	4	1	179	199	10
83	5.1915 	6.7709 	4	5	1	133	153	10
84	4.5065 	7.8983 	5	5	1	71	91	10
85	3.8087 	6.2066 	1	5	1	37	57	10
86	5.9980 	5.2348 	4	5	1	41	61	10
87	6.1886 	5.9992 	2	5	1	151	171	10
88	3.0688 	2.7681 	1	4	1	225	245	10
89	1.2608 	5.4896 	5	4	1	75	95	10
90	8.0549 	6.3534 	5	5	1	24	44	10
91	2.5235 	3.9513 	3	4	1	239	259	10
92	4.6858 	8.8531 	3	5	1	177	197	10
93	2.2512 	7.8442 	4	5	1	87	107	10
94	6.1581 	4.0102 	3	5	1	149	169	10
95	2.5274 	4.4260 	4	4	1	38	58	10
96	4.8562 	1.9649 	1	4	1	191	211	10
97	5.7161 	2.8095 	1	4	1	201	221	10
98	4.0770 	5.6639 	4	4	1	50	70	10
99	3.0144 	3.3235 	1	4	1	180	200	10
100	5.9367 	3.1222 	5	4	1	235	255	10
101	4.7823 	5.5853 	1	7	1	52	72	10
102	5.8375 	6.0187 	2	6	1	153	173	10
103	4.1041 	5.7188 	1	7	1	193	213	10
104	5.9306 	2.9757 	1	6	1	223	243	10
105	2.7140 	4.9902 	2	7	1	181	201	10
106	7.7585 	4.0423 	2	6	1	225	245	10
107	5.5116 	3.3429 	1	6	1	68	88	10
108	6.5076 	3.5306 	5	6	1	181	201	10
109	5.0477 	6.5926 	2	6	1	53	73	10
110	5.3777 	2.1090 	3	7	1	77	97	10
111	2.1944 	3.0601 	1	7	1	60	80	10
112	7.7257 	3.0343 	5	6	1	66	86	10
113	7.5143 	2.9482 	2	6	1	45	65	10
114	8.4341 	3.7999 	1	6	1	259	279	10
115	2.5728 	3.0087 	2	7	1	80	100	10
116	5.9284 	4.7863 	4	6	1	86	106	10
117	3.8133 	7.6466 	5	7	1	41	61	10
118	5.6821 	5.3978 	1	6	1	133	153	10
119	8.3375 	3.2867 	3	6	1	64	84	10
120	7.0576 	7.0298 	1	6	1	180	200	10
121	4.5218 	5.2713 	2	7	1	239	259	10
122	5.1232 	6.1167 	4	6	1	166	186	10
123	5.2753 	4.8776 	4	6	1	56	76	10
124	2.9731 	6.7657 	3	7	1	97	117	10
125	3.8673 	5.1712 	2	7	1	63	83	10
126	2.9939 	5.6119 	4	7	1	160	180	10
127	3.5778 	5.9245 	2	7	1	199	219	10
128	6.1353 	6.4889 	5	6	1	44	64	10
129	4.6043 	1.6706 	3	7	1	147	167	10
130	2.8318 	8.3067 	4	7	1	128	148	10
131	2.2190 	7.6065 	4	7	1	109	129	10
132	5.3067 	8.9691 	5	6	1	90	110	10
133	1.6254 	4.5414 	4	7	1	74	94	10
134	7.5384 	7.9496 	4	6	1	172	192	10
135	1.6755 	4.1983 	3	7	1	130	150	10
136	3.0790 	7.4005 	1	7	1	98	118	10
137	4.4513 	8.2852 	1	7	1	36	56	10
138	2.4548 	3.1104 	1	7	1	235	255	10
139	7.9543 	5.6376 	4	6	1	163	183	10
140	5.3989 	2.1596 	1	6	1	217	237	10
141	5.15041	2.84263	0	1	1	0	1000	10
142	3.91037	7.41157	0	2	1	0	1000	10
143	6.65975	3.13264	0	3	1	0	1000	10
144	2.74784	3.54791	0	4	1	0	1000	10
145	6.38382	7.06977	0	5	1	0	1000	10
146	7.63185	5.94155	0	6	1	0	1000	10
147	2.26871	5.35829	0	7	1	0	1000	10